2.42770796e-03,2.00556190e-02,0
4.37824764e-04,3.02998672e-02,0
3.55610356e-02,4.90765456e-02,0
3.88912642e-02,7.08337172e-02,0
2.65597908e-02,8.69427416e-02,0
1.87515919e-02,9.92543113e-02,0
5.09183294e-02,1.21039094e-01,0
1.33497529e-01,7.16606648e-02,0
7.88278873e-02,1.52554748e-01,0
9.01546902e-02,1.57892315e-01,0
7.63988266e-02,1.76057364e-01,0
1.42671884e-01,1.56971788e-01,0
2.05574833e-01,1.79218172e-01,0
2.61608560e-01,1.07483947e-01,0
3.10232422e-01,4.25095685e-02,0
2.92344210e-01,1.37891253e-01,0
3.26481324e-01,6.72388009e-02,0
2.91387925e-01,1.81769705e-01,0
3.34522943e-01,1.14375027e-01,0
3.73420373e-01,1.53899224e-02,0
3.91696411e-01,9.91088762e-02,0
4.14061693e-01,-8.12558574e-03,0
4.08980782e-01,-1.12766814e-01,0
4.27267203e-01,-1.22366667e-01,0
4.39184972e-01,-1.51700024e-01,0
4.57308097e-01,-1.27493015e-01,0
4.77752071e-01,-8.26499378e-02,0
4.51970664e-01,-2.01736267e-01,0
4.40069325e-01,-2.47820503e-01,0
4.18941993e-01,-2.99781071e-01,0
4.35317363e-01,-2.93920072e-01,0
4.69852740e-01,-2.77054262e-01,0
3.78402396e-01,-4.06759883e-01,0
5.15713838e-01,-2.32393174e-01,0
4.74232010e-01,-3.26497759e-01,0
3.58505532e-01,-4.63361701e-01,0
4.56914832e-01,-3.82618186e-01,0
5.70850015e-01,-2.03567480e-01,0
3.06781748e-01,-5.45976040e-01,0
4.15070370e-01,-4.82364246e-01,0
-1.04249552e-01,-6.38003582e-01,0
4.69606329e-01,-4.73195879e-01,0
2.87517206e-02,-6.96376405e-01,0
1.16855681e-01,-7.07587466e-01,0
2.35831202e-01,-6.87974755e-01,0
3.24633567e-01,-6.62067274e-01,0
6.39896985e-02,-7.44730701e-01,0
5.71187551e-02,-7.55419404e-01,0
1.63844079e-02,-7.67501903e-01,0
-3.16090373e-01,-7.43694472e-01,0
-1.29763255e-01,-8.07826086e-01,0
-7.26518802e-02,-8.25090388e-01,0
-4.70933541e-01,-6.93620257e-01,0
 3.01231558e-02,-8.47949959e-01,0
-1.63480320e-01,-8.42878320e-01,0
-2.49243763e-01,-8.42701420e-01,0
-4.23331541e-01,-7.81609790e-01,0
-3.90787546e-01,-8.20811412e-01,0
-4.11547195e-01,-8.33195208e-01,0
-4.28347361e-01,-8.36049946e-01,0
-6.28688033e-01,-7.11541999e-01,0
-6.46068129e-01,-7.09521232e-01,0
-8.06873108e-01,-5.73459500e-01,0
-0.,-0.,1
-0.00857076,-0.00534532,1
-0.01924928,-0.0061308,1
-0.02551767,-0.01634388,1
-0.04368057,-0.04201312,1
-0.05711041,-0.04168802,1
-0.08166818,-0.05944198,1
-0.10719575,0.02923611,1
-0.12832106,-0.02787191,1
-0.13243652,-0.07360305,1
-0.16910268,-0.02985081,1
-0.18156816,-0.00953182,1
-0.18537304,0.04969721,1
-0.21185602,0.0106036,1
-0.22198267,-0.01031544,1
-0.23222564,0.0695756,1
-0.24656741,0.05452994,1
-0.20983652,0.1579278,1
-0.26714549,0.05489494,1
-0.23300046,0.17753409,1
-0.24324315,0.18072116,1
-0.26665152,0.16415902,1
-0.26978916,0.19576751,1
-0.16017383,0.30379515,1
-0.14552332,0.32219592,1
-0.25990539,0.26856807,1
-0.16792508,0.34515659,1
-0.20257265,0.33786472,1
-0.19213484,0.35543333,1
-0.25625247,0.35069772,1
-0.22466795,0.39514033,1
-0.19792245,0.4203844,1
-0.15557658,0.45921017,1
-0.10521468,0.48363713,1
-0.19587406,0.46552053,1
-0.12942246,0.49862903,1
-0.19597719,0.48732243,1
-0.36553971,0.39113186,1
-0.10221711,0.53579131,1
-0.11588187,0.56397533,1
0.0101511, 0.58577064,1
0.08736161,0.59973111,1
0.00621915,0.61613023,1
0.17999731,0.59983818,1
0.16439906,0.61476144,1
0.24767674,0.59713715,1
0.26316642,0.62350455,1
0.18372657,0.66184072,1
0.2217404, 0.66075559,1
0.50655686,0.50767649,1
0.50017866,0.52796489,1
0.3854044, 0.6286362,1
0.40826092,0.62613219,1
0.54916439,0.52186157,1
0.56653166,0.53289788,1
0.49667481,0.62456856,1
0.66119782,0.4988686,1
0.81948954,0.17698685,1
0.76720398,0.36238734,1
0.76964521,0.38054687,1
0.82813625,0.29403825,1
0.86410172,0.34192625,1
0.92676493,-0.15351788,1
0.89331526,0.32175846,1
0.9536552, 0.10661226,1
0.91725334,-0.34445666,1
0.9499791 ,-0.27827994,1
0.99169988,0.12857429,1
0.,-0.,2
1.97762049e-02,-4.12593525e-03,2
2.58873534e-02,-1.57517803e-02,2
4.44923773e-02,-2.38995500e-02,2
6.05021209e-02,3.54795055e-03,2
7.25723409e-02,-3.55415427e-02,2
7.50453283e-02,-5.13094680e-02,2
9.77825908e-02,-5.27659354e-02,2
8.74396308e-02,-8.39445609e-02,2
1.11583955e-01,-1.16913664e-01,2
1.36895316e-01,-1.03665132e-01,2
1.11360130e-01,-1.43724642e-01,2
1.12141265e-01,-1.55747593e-01,2
6.03861475e-02,-1.92784012e-01,2
1.26916021e-01,-1.69963914e-01,2
1.43173514e-01,-1.95629390e-01,2
1.33923303e-01,-2.25913928e-01,2
6.26149838e-02,-2.65442139e-01,2
9.47687693e-02,-2.66478363e-01,2
6.42811846e-02,-2.85789258e-01,2
9.17737188e-02,-2.88799150e-01,2
1.00045895e-01,-2.96718786e-01,2
7.72572172e-03,-3.43347436e-01,2
9.50902717e-02,-3.40507102e-01,2
-5.99616482e-02,-3.58658620e-01,2
3.54708910e-02,-3.72050320e-01,2
-7.38059566e-02,-3.76675704e-01,2
2.42556941e-02,-3.93191947e-01,2
2.47916984e-02,-4.03279084e-01,2
-1.09410153e-01,-4.09891514e-01,2
-7.70172941e-02,-4.27460589e-01,2
-1.38446403e-01,-4.22330981e-01,2
-2.53778208e-01,-3.77105013e-01,2
-1.59991203e-01,-4.36232910e-01,2
-3.47836055e-01,-3.23102528e-01,2
-1.31424260e-01,-4.66696601e-01,2
-3.06651200e-01,-4.01299208e-01,2
-3.72959330e-01,-3.55362381e-01,2
-3.87812512e-01,-3.54248036e-01,2
-3.99288609e-01,-3.56611854e-01,2
-4.67121563e-01,-2.81634705e-01,2
-3.84870557e-01,-4.00645266e-01,2
-4.54321980e-01,-3.36984998e-01,2
-5.38280535e-01,-2.04330251e-01,2
-4.40990604e-01,-3.85691028e-01,2
-4.72250300e-01,-3.63520968e-01,2
-5.85193529e-01,-1.57664174e-01,2
-5.62604600e-01,-2.75101692e-01,2
-5.75095350e-01,-2.95265774e-01,2
-5.33779119e-01,-3.99404928e-01,2
-6.76767357e-01,6.57756233e-04,2
-6.53061778e-01,-2.43468834e-01,2
-6.63394148e-01,-2.44657288e-01,2
-7.05256639e-01,1.30185809e-01,2
-7.26811990e-01,-2.58834146e-02,2
-6.81343541e-01,-2.81941498e-01,2
-7.34042271e-01,1.87357874e-01,2
-7.66983543e-01,-3.26169396e-02,2
-7.65731812e-01,1.36356387e-01,2
-7.97768060e-01,-1.83815343e-02,2
-8.17693395e-01,2.82665792e-02,2
-8.26773641e-01,1.90714143e-01,2
-7.93642163e-01,3.27569525e-01,2
-7.73300831e-01,3.95755859e-01,2
-6.20354838e-01,6.22437155e-01,2
-7.92746110e-01,4.02090862e-01,2
-6.26829755e-01,6.44412366e-01,2
-6.27673320e-01,6.57626402e-01,2
-4.89449666e-01,7.89952133e-01,2
-5.11039896e-01,7.88225347e-01,2
-7.93467900e-01,5.21487632e-01,2
-6.02631452e-01,7.46766188e-01,2
-3.31869975e-01,9.21881988e-01,2
-7.22973342e-01,6.76172727e-01,2
-6.02924915e-01,7.97797936e-01,2
